Rank1 <- c(1,2,3,4,5)
Peak <- c(1,2,3,4,5)
Title1 <- c("Avatar","Titanic","Star Wars","Avengers","Jurrasic World")
Worldwide_gross  <- c(2787,2187,2068,1844,1671)
Year <- c(2009,1997,2015,2018,2015)
df12<- data.frame(Rank1,Peak,Title1,Worldwide_gross,Year)

df12
df12$Title1[3]
